33
[8.0859e-64, 1.11706e-38, 6.53603e-69, 2.84747e-37, 2.70482e-55, 1.39222e-25, 1.88509e-47, 2.78564e-46, 5.0117e-75, 2.79726e-42, 1.66917e-53, 5.68259e-43, 3.31122e-50, 1.06009e-75, 6.75482e-78, 4.18357e-57, 2.6744e-36, 1.52414e-26, 6.9888e-10, 1.75376e-13, 6.19873e-37, 1.19221e-69, 2.09243e-13, 1.42985e-18, 2.6223e-31, 1849.59, 6.15491e-34, 4.63681e-63, 2.95979e-65, 2.49597e-41, 3.46631e-30, 1.12321e-52, 1.6612e-59]
-5.5683014347964495
-5.568329777198255
-5.561542186775597
-5.563745049195278
-5.562723967296065
-5.56828749074482
-5.568329829296649
-5.568061162117152
-5.568294398091678
-5.568329985245308
27.34643608518451
-5.568329952539085
-5.568037018114714
-5.555212740232856
-5.568329913985124
-5.544335699621267
-5.562273819909135
-5.402881347858052
-5.568004592363686
-5.488782244280645
-5.568329998852873
40.168524871231
-5.561249010386106
-5.56832360938583
-4.363437067856827
-5.568245247083692
-4.910218270438676
-5.5674912908248
-5.568147139789682
-5.5683248804003345
-5.340911130725776
-5.564180919866229
32.99042976342368
-5.56451343249873
-5.568329996070921
-5.568239203780649
157.47628267321113
-5.5683299999993014
-5.568329924557341
-5.568314372238053
-5.514429517092812
-5.568329999987499
-5.002803787562346
-5.568028723291226
-5.457693430966388
-5.568324745727958
15.805349852536725
-5.568329999996643
1.5170255030551552
-5.568329999998941
-5.563813113991748
-5.568329875028124
-5.523717777884409
-5.560990133839423
-5.568025199615966
-5.568329077242863
-1.5147104037475065
-5.2520805656348095
-5.5683299183114645
-5.557787526139303
7.842630215395674
-5.568088966375729
-5.425386348627747
-5.565656710758142
-5.284412366340856
-5.56832410815786
-5.5683297162926175
-5.531949408639815
24.619736399227257
-5.567990678551538
-5.568329798992885
76.6305798871137
-5.56832604849292
65.99658722204987
112.84970554425644
-5.568329925017744
-4.678618452106599
-5.568329999638417
-5.568329999045373
46.49590128013051
-5.568222202135567
-5.568329998887421
-5.043432847973989
-5.553224427323719
-4.628174369619232
-5.56423802151892
-5.542045235353117
-5.565140112867827
120.75314383040961
-5.56830733917113
-5.24311052693905
-4.646550801750991
-5.386601247530197
-5.559114186560852
-5.550382934196606
-5.568329570505885
-5.566895809567018
-5.568194589319696
-5.568329861647705
-5.568325827133299
4.172866700325601e-6
