0.0 0.01556205345556321
1.0 0.015522778088567174
2.0 0.015394763083110085
3.0 0.014677760092182184
4.0 0.014101200677500052
5.0 0.01365907184233837
6.0 0.012501146676526095
7.0 0.011621975208692894
8.0 0.010597551037013092
9.0 0.0102214288636769
10.0 0.00902443509261561
11.0 0.007660502234106722
12.0 0.006883090831253265
13.0 0.005598215270273577
14.0 0.004603830814071552
15.0 0.003599215307131514
16.0 0.0021914573158177382
17.0 0.0008690006112647102
18.0 0.0002438148162087931
19.0 -0.0010008010932963341
20.0 -0.0018661847027962965
21.0 -0.002951074515384675
22.0 -0.00406286245994492
23.0 -0.0049527496903063175
24.0 -0.005958581131235992
25.0 -0.006278770349145891
26.0 -0.007376915488808519
27.0 -0.007548459958234441
28.0 -0.00750570537773219
29.0 -0.008383263320862904
30.0 -0.008410606157976492
31.0 -0.00809805945369602
32.0 -0.007612187826806377
33.0 -0.006603780097969361
34.0 -0.006834357921345882
35.0 -0.006264646984281012
36.0 -0.0057513800192296564
37.0 -0.004571728570706966
38.0 -0.003914598398598856
39.0 -0.0026350619605065143
40.0 -0.0016524863444435523
41.0 -0.0009151506401205129
42.0 0.0003441745581181897
43.0 0.0015824670320278358
44.0 0.002346431115559298
45.0 0.0032012731034746014
46.0 0.004612694067570213
47.0 0.005738471513306722
48.0 0.006699439347246268
49.0 0.007561115437784504
50.0 0.008833898431696704
51.0 0.009664122459612028
52.0 0.010530992030133926
53.0 0.011602565626184844
54.0 0.011952640283004296
55.0 0.013377364297892838
56.0 0.01407564541503105
57.0 0.013827896579736655
58.0 0.01439435505853419
59.0 0.014607955993440119
60.0 0.014296592682330987
61.0 0.01412998265057138
62.0 0.013975379589877287
63.0 0.01342005685465452
64.0 0.013192876798835067
65.0 0.012453583966541644
66.0 0.011283492155562506
67.0 0.011068786849655487
68.0 0.010123787325243943
69.0 0.008649763792180529
70.0 0.007326155359981632
71.0 0.0065272169650075285
72.0 0.005529229278345344
73.0 0.00450785550674435
74.0 0.0033757957541725885
75.0 0.0022817012765721893
76.0 0.0009177337444193677
77.0 -2.6690585414627948e-5
78.0 -0.0007437591397703294
79.0 -0.0018203164770025204
80.0 -0.0027170476060289855
81.0 -0.0030548634911104853
82.0 -0.004178275584268697
83.0 -0.004999918518174821
84.0 -0.005612753966553328
85.0 -0.005888729021710444
86.0 -0.006610296485243844
87.0 -0.006379885227588613
88.0 -0.0070161540582431335
89.0 -0.006695684764005665
90.0 -0.006572471959828602
91.0 -0.006514458787433047
92.0 -0.006542417776336156
93.0 -0.006009370571181744
94.0 -0.00537518622008671
95.0 -0.004927269450532198
96.0 -0.0038697587750737227
97.0 -0.0030689695949863306
98.0 -0.002142273111716736
99.0 -0.0019157301844183454
100.0 -0.000550114641080493
